22222222222222222222222222222222222222222222222222222222222222222222222222222222222222222222222222
22222222222222
22222222222222
22222222222222
22222222222222222222222222222222222222222222222222222222222222222222222222222222222222222222222222
22222222222222
22222222222222
22222222222222
22222222222222222222222222222222222222222222222222222222222222222222222222222222222222222222222222
22222222222222
22222222222222
22222222222222
22222222222222222222222222222222222222222222222222222222222222222222222222222222222222222222222222
22222222222222
22222222222222
22222222222222
5566
\\\\
7788
branch
gitstatus